micaps	17	全国市县				
1992						
54433	3995	11650	1	1	64	朝阳区
54514	3987	11625	1	1	64	丰台区
54513	3995	11620	1	1	64	石景山区
54399	3998	11628	1	1	64	海淀区
54505	3992	11612	1	1	64	门头沟区
54596	3968	11613	1	1	64	房山区
54431	3992	11663	1	1	64	通州区
54398	4013	11662	1	1	64	顺义区
54499	4022	11622	1	1	64	昌平区
54594	3972	11635	1	1	64	大兴区
54419	4037	11663	1	1	64	怀柔区
54424	4017	11712	1	1	64	平谷区
54416	4038	11687	1	1	64	密云县
54406	4045	11597	1	1	64	延庆县
54623	3905	11772	1	1	64	塘沽区
54530	3923	11777	1	1	64	汉沽区
54645	3885	11747	1	1	64	大港区
54526	3908	11733	1	1	64	东丽区
54622	3898	11737	1	1	64	津南区
54528	3923	11713	1	1	64	北辰区
54523	3938	11702	1	1	64	武清区
54525	3973	11728	1	1	64	宝坻区
54529	3935	11782	1	1	64	宁河县
54619	3892	11692	1	1	64	静海县
54428	4003	11740	1	1	64	蓟县
53693	3803	11413	1	1	64	井陉矿区
53691	3815	11457	1	1	64	正定县
53789	3788	11463	1	1	64	栾城县
53688	3845	11455	1	1	64	行唐县
53680	3830	11438	1	1	64	灵寿县
53790	3760	11462	1	1	64	高邑县
54621	3818	11518	1	1	64	深泽县
53795	3765	11437	1	1	64	赞皇县
53699	3818	11495	1	1	64	无极县
53694	3827	11422	1	1	64	平山县
53791	3777	11452	1	1	64	元氏县
53784	3775	11478	1	1	64	赵县
54701	3793	11520	1	1	64	辛集市
53697	3803	11483	1	1	64	藁城市
53689	3802	11507	1	1	64	晋州市
53695	3835	11468	1	1	64	新乐市
54533	3955	11812	1	1	64	丰南区
54532	3980	11810	1	1	64	丰润区
54531	3973	11872	1	1	64	滦县
54437	3950	11865	1	1	64	滦南县
54539	3943	11888	1	1	64	乐亭县
54434	4017	11830	1	1	64	迁西县
54522	3988	11773	1	1	64	玉田县
54535	3928	11845	1	1	64	唐海县
54429	4020	11795	1	1	64	遵化市
54439	4002	11872	1	1	64	迁安市
54436	4040	11895	1	1	64	青龙满族自治县
54540	3972	11917	1	1	64	昌黎县
54541	3988	11925	1	1	64	抚宁县
54438	3988	11887	1	1	64	卢龙县
53894	3642	11422	1	1	64	峰峰矿区
53773	3633	11462	1	1	64	临漳县
53996	3645	11470	1	1	64	成安县
54804	3630	11513	1	1	64	大名县
53886	3657	11367	1	1	64	涉县
53897	3638	11438	1	1	64	磁县
53980	3655	11480	1	1	64	肥乡县
53895	3677	11450	1	1	64	永年县
54820	3682	11517	1	1	64	邱县
54640	3692	11487	1	1	64	鸡泽县
53899	3648	11497	1	1	64	广平县
54809	3655	11528	1	1	64	馆陶县
53896	3635	11495	1	1	64	魏县
53893	3677	11495	1	1	64	曲周县
53890	3668	11415	1	1	64	武安市
53792	3745	11448	1	1	64	临城县
53785	3752	11467	1	1	64	柏乡县
53794	3735	11475	1	1	64	隆尧县
53883	3713	11470	1	1	64	任县
53891	3702	11468	1	1	64	南和县
53796	3762	11488	1	1	64	宁晋县
53799	3722	11503	1	1	64	巨鹿县
54633	3752	11523	1	1	64	新河县
54631	3707	11515	1	1	64	广宗县
54632	3707	11503	1	1	64	平乡县
54800	3698	11525	1	1	64	威县
54706	3708	11567	1	1	64	清河县
54801	3685	11548	1	1	64	临西县
54705	3737	11538	1	1	64	南宫市
53781	3687	11447	1	1	64	沙河市
54611	3893	11532	1	1	64	满城县
53690	3885	11418	1	1	64	阜平县
54601	3902	11565	1	1	64	徐水县
53692	3873	11498	1	1	64	唐县
54603	3872	11577	1	1	64	高阳县
54503	3905	11585	1	1	64	容城县
53599	3937	11468	1	1	64	涞源县
54607	3872	11512	1	1	64	望都县
54605	3893	11593	1	1	64	安新县
54507	3935	11550	1	1	64	易县
53682	3863	11468	1	1	64	曲阳县
54620	3848	11557	1	1	64	蠡县
53596	3883	11515	1	1	64	顺平县
54636	3902	11610	1	1	64	雄县
54502	3948	11603	1	1	64	涿州市
53696	3852	11500	1	1	64	定州市
54604	3842	11533	1	1	64	安国市
54506	3933	11585	1	1	64	高碑店市
53498	4057	11503	1	1	64	宣化区
53399	4115	11470	1	1	64	张北县
53392	4185	11460	1	1	64	康保县
54301	4167	11567	1	1	64	沽源县
53397	4110	11398	1	1	64	尚义县
53593	3983	11457	1	1	64	蔚县
53492	4010	11415	1	1	64	阳原县
53491	4068	11440	1	1	64	怀安县
53499	4077	11473	1	1	64	万全县
54405	4040	11550	1	1	64	怀来县
54408	4038	11522	1	1	64	涿鹿县
54404	4090	11583	1	1	64	赤城县
54304	4097	11528	1	1	64	崇礼县
54430	4077	11815	1	1	64	承德县
54425	4042	11748	1	1	64	兴隆县
54319	4100	11867	1	1	64	平泉县
54420	4093	11733	1	1	64	滦平县
54318	4132	11773	1	1	64	隆化县
54308	4122	11663	1	1	64	丰宁满族自治县
54432	4060	11848	1	1	64	宽城满族自治县
54311	4193	11775	1	1	64	围场满族蒙古族自治县
54615	3858	11683	1	1	64	青县
54713	3788	11653	1	1	64	东光县
54628	3815	11748	1	1	64	海兴县
54627	3803	11723	1	1	64	盐山县
54626	3842	11582	1	1	64	肃宁县
54719	3803	11668	1	1	64	南皮县
54717	3763	11640	1	1	64	吴桥县
54617	3818	11612	1	1	64	献县
54644	3805	11712	1	1	64	孟村回族自治县
54618	3808	11655	1	1	64	泊头市
54610	3873	11610	1	1	64	任丘市
54624	3837	11735	1	1	64	黄骅市
54614	3845	11608	1	1	64	河间市
54512	3943	11628	1	1	64	固安县
54519	3930	11648	1	1	64	永清县
54521	3977	11698	1	1	64	香河县
54613	3870	11662	1	1	64	大城县
54612	3887	11645	1	1	64	文安县
54510	3990	11698	1	1	64	大厂回族自治县
54518	3912	11638	1	1	64	霸州市
54520	3997	11708	1	1	64	三河市
54708	3750	11573	1	1	64	枣强县
54703	3780	11588	1	1	64	武邑县
54700	3803	11598	1	1	64	武强县
54606	3823	11573	1	1	64	饶阳县
54609	3823	11552	1	1	64	安平县
54707	3735	11598	1	1	64	故城县
54711	3770	11628	1	1	64	景县
54710	3787	11617	1	1	64	阜城县
54704	3755	11557	1	1	64	冀州市
54608	3800	11555	1	1	64	深州市
53774	3762	11233	1	1	64	清徐县
53678	3807	11267	1	1	64	阳曲县
53669	3808	11180	1	1	64	娄烦县
53486	4037	11377	1	1	64	阳高县
53490	4043	11405	1	1	64	天镇县
53590	3975	11427	1	1	64	广灵县
53582	3972	11368	1	1	64	浑源县
53573	4000	11270	1	1	64	左云县
53488	4003	11358	1	1	64	大同县
53687	3778	11363	1	1	64	平定县
53685	3807	11342	1	1	64	盂县
53879	3632	11288	1	1	64	屯留县
53888	3620	11343	1	1	64	平顺县
53878	3652	11338	1	1	64	黎城县
53885	3613	11320	1	1	64	壶关县
53873	3612	11287	1	1	64	长子县
53871	3683	11285	1	1	64	武乡县
53872	3677	11268	1	1	64	沁县
53875	3652	11235	1	1	64	沁源县
53880	3633	11323	1	1	64	潞城市
53970	3570	11220	1	1	64	沁水县
53975	3548	11240	1	1	64	阳城县
53981	3578	11327	1	1	64	陵川县
53973	3577	11295	1	1	64	高平市
53574	3952	11227	1	1	64	平鲁区
53576	3950	11282	1	1	64	山阴县
53584	3957	11317	1	1	64	应县
53478	4000	11245	1	1	64	右玉县
53580	3982	11310	1	1	64	怀仁县
53787	3707	11298	1	1	64	榆社县
53786	3708	11337	1	1	64	左权县
53788	3733	11357	1	1	64	和顺县
53783	3760	11370	1	1	64	昔阳县
53780	3790	11317	1	1	64	寿阳县
53775	3743	11253	1	1	64	太谷县
53770	3735	11235	1	1	64	祁县
53778	3717	11222	1	1	64	平遥县
53862	3683	11177	1	1	64	灵石县
53863	3703	11192	1	1	64	介休市
53958	3513	11078	1	1	64	临猗县
53956	3540	11083	1	1	64	万荣县
53967	3533	11120	1	1	64	闻喜县
53954	3562	11097	1	1	64	稷山县
53964	3562	11122	1	1	64	新绛县
53965	3552	11157	1	1	64	绛县
53968	3528	11167	1	1	64	垣曲县
57060	3517	11123	1	1	64	夏县
57061	3483	11120	1	1	64	平陆县
57053	3470	11072	1	1	64	芮城县
57052	3488	11045	1	1	64	永济市
53957	3562	11072	1	1	64	河津市
53676	3850	11298	1	1	64	定襄县
53579	3902	11290	1	1	64	代县
53585	3917	11327	1	1	64	繁峙县
53577	3900	11230	1	1	64	宁武县
53666	3835	11193	1	1	64	静乐县
53575	3910	11220	1	1	64	神池县
53663	3892	11182	1	1	64	五寨县
53662	3872	11158	1	1	64	岢岚县
53564	3938	11115	1	1	64	河曲县
53660	3902	11108	1	1	64	保德县
53565	3943	11150	1	1	64	偏关县
53673	3873	11272	1	1	64	原平市
53961	3565	11148	1	1	64	曲沃县
53962	3573	11170	1	1	64	翼城县
53861	3588	11142	1	1	64	襄汾县
53866	3623	11167	1	1	64	洪洞县
53874	3625	11190	1	1	64	古县
53877	3617	11225	1	1	64	安泽县
53966	3598	11183	1	1	64	浮山县
53859	3610	11067	1	1	64	吉县
53953	3597	11085	1	1	64	乡宁县
53856	3647	11075	1	1	64	大宁县
53853	3670	11095	1	1	64	隰县
53852	3677	11063	1	1	64	永和县
53864	3640	11110	1	1	64	蒲县
53865	3665	11155	1	1	64	汾西县
53963	3565	11137	1	1	64	侯马市
53869	3658	11170	1	1	64	霍州市
53771	3745	11205	1	1	64	文水县
53777	3753	11215	1	1	64	交城县
53664	3847	11113	1	1	64	兴县
53659	3797	11100	1	1	64	临县
53753	3743	11088	1	1	64	柳林县
53759	3698	11083	1	1	64	石楼县
53665	3828	11165	1	1	64	岚县
53760	3788	11123	1	1	64	方山县
53767	3733	11117	1	1	64	中阳县
53860	3698	11117	1	1	64	交口县
53768	3715	11175	1	1	64	孝义市
53769	3725	11178	1	1	64	汾阳市
53464	4068	11115	1	1	64	土默特左旗
53467	4027	11118	1	1	64	托克托县
53469	4040	11182	1	1	64	和林格尔县
53562	3992	11167	1	1	64	清水河县
53368	4108	11147	1	1	64	武川县
54122	4388	12005	1	1	64	阿鲁科尔沁旗
54027	4398	11940	1	1	64	巴林左旗
54113	4353	11865	1	1	64	巴林右旗
54115	4360	11807	1	1	64	林西县
54117	4325	11753	1	1	64	克什克腾旗
54213	4293	11902	1	1	64	翁牛特旗
54313	4193	11870	1	1	64	喀喇沁旗
54320	4160	11935	1	1	64	宁城县
54225	4228	11992	1	1	64	敖汉旗
54134	4360	12128	1	1	64	开鲁县
54234	4273	12175	1	1	64	库伦旗
54223	4285	12065	1	1	64	奈曼旗
54026	4457	12090	1	1	64	扎鲁特旗
50924	4553	11967	1	1	64	霍林郭勒市
53457	4040	11003	1	1	64	达拉特旗
53553	3987	11122	1	1	64	准格尔旗
53730	3818	10748	1	1	64	鄂托克前旗
53529	3910	10798	1	1	64	鄂托克旗
53533	3985	10873	1	1	64	杭锦旗
53644	3860	10883	1	1	64	乌审旗
53545	3957	10973	1	1	64	伊金霍洛旗
50527	4922	11975	1	1	64	海拉尔区
50647	4813	12348	1	1	64	阿荣旗
50525	4915	11975	1	1	64	鄂温克族自治旗
50524	4932	11943	1	1	64	陈巴尔虎旗
50618	4822	11827	1	1	64	新巴尔虎左旗
50603	4867	11682	1	1	64	新巴尔虎右旗
50514	4957	11743	1	1	64	满洲里市
50526	4928	12070	1	1	64	牙克石市
50639	4800	12273	1	1	64	扎兰屯市
50425	5025	12018	1	1	64	额尔古纳市
50431	5078	12152	1	1	64	根河市
53513	4075	10742	1	1	64	临河区
53337	4110	10827	1	1	64	五原县
53419	4033	10700	1	1	64	磴口县
53433	4073	10865	1	1	64	乌拉特前旗
53336	4157	10852	1	1	64	乌拉特中旗
53324	4107	10705	1	1	64	乌拉特后旗
53420	4085	10712	1	1	64	杭锦后旗
53480	4103	11307	1	1	64	集宁区
53472	4087	11257	1	1	64	卓资县
53391	4190	11400	1	1	64	化德县
53385	4157	11355	1	1	64	商都县
53483	4088	11387	1	1	64	兴和县
53475	4052	11252	1	1	64	凉城县
53362	4153	11168	1	1	64	四子王旗
53484	4045	11315	1	1	64	丰镇市
50838	4608	12205	1	1	64	乌兰浩特市
50727	4717	11993	1	1	64	阿尔山市
50937	4505	12147	1	1	64	科尔沁右翼中旗
50833	4672	12290	1	1	64	扎赉特旗
50934	4538	12158	1	1	64	突泉县
53068	4365	11197	1	1	64	二连浩特市
54102	4395	11612	1	1	64	锡林浩特市
53192	4402	11495	1	1	64	阿巴嘎旗
53195	4387	11363	1	1	64	苏尼特左旗
53272	4275	11263	1	1	64	苏尼特右旗
50915	4552	11697	1	1	64	东乌珠穆沁旗
54012	4458	11760	1	1	64	西乌珠穆沁旗
54305	4188	11527	1	1	64	太仆寺旗
53289	4223	11383	1	1	64	镶黄旗
54204	4230	11500	1	1	64	正镶白旗
54205	4223	11600	1	1	64	正蓝旗
54208	4218	11647	1	1	64	多伦县
53602	3883	10567	1	1	64	阿拉善左旗
52267	4195	10107	1	1	64	额济纳旗
54340	4167	12332	1	1	64	苏家屯区
54248	4203	12353	1	1	64	新城子区
54332	4152	12272	1	1	64	辽中县
54244	4275	12333	1	1	64	康平县
54245	4250	12340	1	1	64	法库县
54333	4198	12283	1	1	64	新民市
54660	3882	12123	1	1	64	旅顺口区
54568	3908	12170	1	1	64	金州区
54579	3927	12258	1	1	64	长海县
54563	3963	12202	1	1	64	瓦房店市
54569	3940	12197	1	1	64	普兰店市
54584	3972	12295	1	1	64	庄河市
54336	4138	12243	1	1	64	台安县
54486	4028	12328	1	1	64	岫岩满族自治县
54472	4088	12272	1	1	64	海城市
54353	4173	12505	1	1	64	新宾满族自治县
54259	4210	12492	1	1	64	清原满族自治县
54365	4128	12535	1	1	64	桓仁满族自治县
54493	4072	12478	1	1	64	宽甸满族自治县
54590	3988	12417	1	1	64	东港市
54494	4047	12407	1	1	64	凤城市
54335	4168	12208	1	1	64	黑山县
54334	4152	12123	1	1	64	义县
54330	4117	12137	1	1	64	凌海市
54331	4158	12177	1	1	64	北宁市
54474	4042	12235	1	1	64	盖州市
54475	4062	12248	1	1	64	大石桥市
54236	4242	12253	1	1	64	彰武县
54348	4142	12332	1	1	64	灯塔市
54470	4102	12207	1	1	64	大洼县
54338	4128	12195	1	1	64	盘山县
54252	4273	12475	1	1	64	西丰县
54243	4278	12412	1	1	64	昌图县
54254	4253	12405	1	1	64	开原市
54326	4138	11970	1	1	64	建平县
54323	4182	12075	1	1	64	北票市
54327	4123	11935	1	1	64	凌源市
54453	4078	12088	1	1	64	连山区
54454	4035	12035	1	1	64	绥中县
54452	4080	11982	1	1	64	建昌县
54455	4058	12070	1	1	64	兴城市
54285	4242	12812	1	1	64	二道区
54165	4355	12563	1	1	64	双阳区
54064	4438	12515	1	1	64	农安县
54069	4417	12580	1	1	64	九台市
54072	4485	12652	1	1	64	榆树市
54065	4453	12565	1	1	64	德惠市
54171	4370	12652	1	1	64	永吉县
54181	4370	12733	1	1	64	蛟河市
54273	4298	12675	1	1	64	桦甸市
54076	4442	12693	1	1	64	舒兰市
54263	4297	12605	1	1	64	磐石市
54154	4335	12430	1	1	64	梨树县
54164	4335	12528	1	1	64	伊通满族自治县
54156	4352	12480	1	1	64	公主岭市
54142	4350	12353	1	1	64	双辽市
54261	4268	12545	1	1	64	东丰县
54274	4268	12607	1	1	64	辉南县
54267	4225	12573	1	1	64	柳河县
54266	4253	12563	1	1	64	梅河口市
54377	4110	12615	1	1	64	集安市
54276	4235	12682	1	1	64	靖宇县
54386	4142	12818	1	1	64	长白朝鲜族自治县
54279	4203	12635	1	1	64	江源县
54374	4180	12692	1	1	64	临江市
50949	4508	12487	1	1	64	前郭尔罗斯蒙古族自治
54049	4425	12397	1	1	64	长岭县
50948	4500	12402	1	1	64	乾安县
54063	4497	12600	1	1	64	扶余县
50940	4585	12317	1	1	64	镇赉县
54041	4480	12307	1	1	64	通榆县
50939	4533	12282	1	1	64	洮南市
50945	4550	12427	1	1	64	大安市
54292	4287	12950	1	1	64	延吉市
54293	4295	12983	1	1	64	图们市
54186	4337	12820	1	1	64	敦化市
54291	4290	13028	1	1	64	珲春市
54290	4277	12940	1	1	64	龙井市
54286	4253	12900	1	1	64	和龙市
54195	4330	12978	1	1	64	汪清县
54187	4312	12892	1	1	64	安图县
50956	4588	12658	1	1	64	呼兰区
50877	4630	12958	1	1	64	依兰县
50964	4583	12880	1	1	64	方正县
50960	4578	12745	1	1	64	宾县
50867	4608	12735	1	1	64	巴彦县
50962	4595	12803	1	1	64	木兰县
50963	4597	12873	1	1	64	通河县
50965	4545	12830	1	1	64	延寿县
50958	4552	12695	1	1	64	阿城市
50955	4538	12630	1	1	64	双城市
50968	4522	12797	1	1	64	尚志市
54080	4490	12715	1	1	64	五常市
50739	4733	12318	1	1	64	龙江县
50750	4790	12530	1	1	64	依安县
50844	4640	12342	1	1	64	泰来县
50741	4793	12350	1	1	64	甘南县
50742	4780	12448	1	1	64	富裕县
50658	4805	12588	1	1	64	克山县
50659	4803	12625	1	1	64	克东县
50755	4760	12610	1	1	64	拜泉县
50646	4848	12485	1	1	64	讷河市
50987	4525	13113	1	1	64	鸡东县
50983	4577	13297	1	1	64	虎林市
50985	4555	13187	1	1	64	密山市
50775	4733	13027	1	1	64	鹤岗市
50776	4757	13083	1	1	64	萝北县
50787	4728	13185	1	1	64	绥滨县
50880	4673	13112	1	1	64	集贤县
50888	4632	13218	1	1	64	宝清县
50892	4680	13400	1	1	64	饶河县
50950	4570	12525	1	1	64	肇州县
50954	4550	12508	1	1	64	肇源县
50749	4718	12483	1	1	64	林甸县
50772	4810	12923	1	1	64	五营区
50674	4857	12943	1	1	64	乌伊岭区
50673	4888	13040	1	1	64	嘉荫县
50862	4698	12802	1	1	64	铁力市
50879	4622	13055	1	1	64	桦南县
50878	4700	13072	1	1	64	桦川县
50871	4673	12988	1	1	64	汤原县
50779	4837	13428	1	1	64	抚远县
50778	4767	13253	1	1	64	同江市
50788	4723	13198	1	1	64	富锦市
50973	4575	13058	1	1	64	勃利县
54099	4408	13113	1	1	64	东宁县
50979	4527	13023	1	1	64	林口县
54096	4438	13117	1	1	64	绥芬河市
54092	4460	12940	1	1	64	海林市
54098	4433	12947	1	1	64	宁安市
54093	4493	13055	1	1	64	穆棱市
50468	5025	12745	1	1	64	爱辉区
50557	4917	12523	1	1	64	嫩江县
50566	4955	12847	1	1	64	逊克县
50564	4943	12735	1	1	64	孙吴县
50656	4828	12652	1	1	64	北安市
50655	4850	12618	1	1	64	五大连池市
50853	4662	12697	1	1	64	北林区
50852	4687	12648	1	1	64	望奎县
50859	4625	12627	1	1	64	兰西县
50851	4668	12610	1	1	64	青冈县
50861	4688	12748	1	1	64	庆安县
50758	4718	12590	1	1	64	明水县
50767	4723	12710	1	1	64	绥棱县
50854	4638	12532	1	1	64	安达市
50858	4607	12598	1	1	64	肇东市
50756	4743	12697	1	1	64	海伦市
50353	5172	12665	1	1	64	呼玛县
50246	5235	12472	1	1	64	塔河县
50136	5297	12252	1	1	64	漠河县
58361	3110	12137	1	1	64	闵行区
58362	3140	12145	1	1	64	宝山区
58365	3137	12125	1	1	64	嘉定区
58370	3123	12153	1	1	64	浦东新区
58460	3075	12135	1	1	64	金山区
58462	3103	12123	1	1	64	松江区
58461	3113	12112	1	1	64	青浦区
58369	3105	12178	1	1	64	南汇区
58463	3093	12148	1	1	64	奉贤区
58366	3163	12140	1	1	64	崇明县
58237	3205	11862	1	1	64	浦口区
58333	3193	11890	1	1	64	江宁区
58235	3235	11883	1	1	64	六合区
58340	3165	11903	1	1	64	溧水县
58339	3133	11890	1	1	64	高淳县
58351	3190	12030	1	1	64	江阴市
58346	3133	11982	1	1	64	宜兴市
58012	3468	11658	1	1	64	丰县
58013	3472	11692	1	1	64	沛县
58130	3388	11792	1	1	64	睢宁县
58035	3435	11835	1	1	64	新沂市
58026	3430	11795	1	1	64	邳州市
58343	3188	11998	1	1	64	常州市
58345	3143	11948	1	1	64	溧阳市
58342	3172	11955	1	1	64	金坛市
58349	3116	12038	1	1	64	吴中区
58352	3165	12077	1	1	64	常熟市
58353	3187	12057	1	1	64	张家港市
58356	3140	12100	1	1	64	昆山市
58359	3117	12063	1	1	64	吴江市
58377	3147	12110	1	1	64	太仓市
58254	3252	12045	1	1	64	海安县
58264	3233	12118	1	1	64	如东县
58269	3178	12165	1	1	64	启东市
58255	3237	12057	1	1	64	如皋市
58268	3210	12108	1	1	64	通州市
58360	3192	12120	1	1	64	海门市
58040	3483	11912	1	1	64	赣榆县
58036	3452	11873	1	1	64	东海县
58047	3430	11923	1	1	64	灌云县
58048	3412	11935	1	1	64	灌南县
58145	3353	11917	1	1	64	楚州区
58140	3378	11927	1	1	64	涟水县
58139	3330	11888	1	1	64	洪泽县
58138	3298	11852	1	1	64	盱眙县
58147	3298	11897	1	1	64	金湖县
58045	3420	11957	1	1	64	响水县
58049	3403	11982	1	1	64	滨海县
58143	3380	11985	1	1	64	阜宁县
58150	3377	12025	1	1	64	射阳县
58146	3348	11980	1	1	64	建湖县
58251	3285	12028	1	1	64	东台市
58158	3320	12048	1	1	64	大丰市
58148	3323	11930	1	1	64	宝应县
58242	3228	11917	1	1	64	仪征市
58241	3280	11945	1	1	64	高邮市
58244	3245	11957	1	1	64	江都市
58252	3211	11928	1	1	64	丹徒区
58341	3198	11958	1	1	64	丹阳市
58247	3225	11982	1	1	64	扬中市
58344	3195	11917	1	1	64	句容市
58243	3293	11983	1	1	64	兴化市
58257	3200	12027	1	1	64	靖江市
58249	3217	12000	1	1	64	泰兴市
58250	3252	12015	1	1	64	姜堰市
58131	3398	11827	1	1	64	宿豫区
58038	3410	11875	1	1	64	沭阳县
58132	3370	11872	1	1	64	泗阳县
58135	3348	11822	1	1	64	泗洪县
58459	3018	12028	1	1	64	萧山区
58542	2982	11968	1	1	64	桐庐县
58543	2962	11902	1	1	64	淳安县
58544	2948	11927	1	1	64	建德市
58449	3005	11995	1	1	64	富阳市
58448	3030	11973	1	1	64	临安市
58563	2997	12175	1	1	64	北仑区
58561	2959	12136	1	1	64	镇海区
58566	2928	12153	1	1	64	象山县
58567	2932	12143	1	1	64	宁海县
58468	3005	12117	1	1	64	余姚市
58467	3020	12127	1	1	64	慈溪市
58565	2968	12143	1	1	64	奉化市
58760	2783	12115	1	1	64	洞头县
58658	2815	12068	1	1	64	永嘉县
58751	2768	12057	1	1	64	平阳县
58750	2778	12008	1	1	64	文成县
58746	2755	11970	1	1	64	泰顺县
58752	2778	12065	1	1	64	瑞安市
58656	2812	12097	1	1	64	乐清市
58451	3083	12093	1	1	64	嘉善县
58458	3053	12090	1	1	64	海盐县
58455	3052	12065	1	1	64	海宁市
58464	3062	12108	1	1	64	平湖市
58456	3063	12052	1	1	64	桐乡市
58450	3085	12008	1	1	64	湖州市
58454	3053	11997	1	1	64	德清县
58443	3098	11988	1	1	64	长兴县
58446	3063	11968	1	1	64	安吉县
58555	2952	12088	1	1	64	新昌县
58550	2970	12025	1	1	64	诸暨市
58553	3005	12082	1	1	64	上虞市
58556	2960	12082	1	1	64	嵊州市
58642	2888	11980	1	1	64	武义县
58546	2947	11988	1	1	64	浦江县
58560	2903	12026	1	1	64	磐安县
58548	2922	11947	1	1	64	兰溪市
58557	2932	12007	1	1	64	义乌市
58558	2927	12022	1	1	64	东阳市
58643	2890	12003	1	1	64	永康市
58631	2890	11850	1	1	64	常山县
58537	2913	11840	1	1	64	开化县
58547	2903	11918	1	1	64	龙游县
58632	2872	11860	1	1	64	江山市
58477	3003	12210	1	1	64	定海区
58570	2995	12230	1	1	64	普陀区
58484	3025	12220	1	1	64	岱山县
58472	3073	12245	1	1	64	嵊泗县
58667	2808	12127	1	1	64	玉环县
58568	2912	12138	1	1	64	三门县
58559	2917	12098	1	1	64	天台县
58652	2887	12072	1	1	64	仙居县
58664	2837	12137	1	1	64	温岭市
58660	2885	12113	1	1	64	临海市
58657	2815	12028	1	1	64	青田县
58654	2867	12008	1	1	64	缙云县
58644	2860	11928	1	1	64	遂昌县
58742	2812	11955	1	1	64	云和县
58745	2762	11907	1	1	64	庆元县
58647	2807	11913	1	1	64	龙泉市
58220	3247	11715	1	1	64	长丰县
58323	3188	11747	1	1	64	肥东县
58320	3173	11713	1	1	64	肥西县
58338	3115	11858	1	1	64	芜湖县
58337	3108	11818	1	1	64	繁昌县
58431	3092	11832	1	1	64	南陵县
58127	3298	11720	1	1	64	怀远县
58129	3313	11787	1	1	64	五河县
58128	3332	11730	1	1	64	固镇县
58212	3272	11673	1	1	64	凤台县
58335	3155	11848	1	1	64	当涂县
58113	3393	11678	1	1	64	濉溪县
58416	3075	11682	1	1	64	怀宁县
58420	3072	11722	1	1	64	枞阳县
58415	3063	11658	1	1	64	潜山县
58414	3045	11630	1	1	64	太湖县
58417	3017	11613	1	1	64	宿松县
58418	3013	11670	1	1	64	望江县
58317	3087	11637	1	1	64	岳西县
58319	3107	11695	1	1	64	桐城市
58531	2972	11828	1	1	64	屯溪区
58530	2987	11843	1	1	64	歙县
58534	2978	11818	1	1	64	休宁县
58523	2993	11793	1	1	64	黟县
58520	2985	11772	1	1	64	祁门县
58234	3247	11842	1	1	64	来安县
58230	3208	11827	1	1	64	全椒县
58225	3253	11767	1	1	64	定远县
58222	3285	11755	1	1	64	凤阳县
58240	3268	11902	1	1	64	天长市
58223	3278	11798	1	1	64	明光市
58107	3307	11525	1	1	64	临泉县
58109	3318	11562	1	1	64	太和县
58202	3263	11558	1	1	64	阜南县
58210	3265	11623	1	1	64	颍上县
58108	3327	11537	1	1	64	界首市
58122	3363	11698	1	1	64	宿州市
58015	3443	11633	1	1	64	砀山县
58016	3418	11697	1	1	64	萧县
58125	3355	11755	1	1	64	灵璧县
58126	3347	11787	1	1	64	泗县
58326	3162	11787	1	1	64	巢湖市
58327	3125	11728	1	1	64	庐江县
58329	3130	11790	1	1	64	无为县
58330	3175	11808	1	1	64	含山县
58331	3173	11837	1	1	64	和县
58215	3255	11678	1	1	64	寿县
58214	3233	11628	1	1	64	霍邱县
58316	3147	11695	1	1	64	舒城县
58306	3168	11588	1	1	64	金寨县
58314	3140	11632	1	1	64	霍山县
58114	3348	11620	1	1	64	涡阳县
58118	3328	11655	1	1	64	蒙城县
58117	3313	11620	1	1	64	利辛县
58419	3010	11702	1	1	64	东至县
58428	3022	11748	1	1	64	石台县
58421	3063	11787	1	1	64	青阳县
58442	3113	11918	1	1	64	郎溪县
58441	3088	11942	1	1	64	广德县
58432	3068	11840	1	1	64	泾县
58438	3008	11858	1	1	64	绩溪县
58435	3030	11853	1	1	64	旌德县
58436	3062	11898	1	1	64	宁国市
58844	2615	11915	1	1	64	闽侯县
58848	2620	11955	1	1	64	连江县
58845	2650	11953	1	1	64	罗源县
58839	2623	11885	1	1	64	闽清县
58932	2587	11893	1	1	64	永泰县
58944	2552	11978	1	1	64	平潭县
58942	2572	11938	1	1	64	福清市
58941	2597	11950	1	1	64	长乐市
59130	2473	11815	1	1	64	同安区
58938	2523	11898	1	1	64	秀屿区
58936	2537	11870	1	1	64	仙游县
58824	2640	11715	1	1	64	明溪县
58819	2617	11680	1	1	64	清流县
58818	2623	11663	1	1	64	宁化县
58923	2570	11783	1	1	64	大田县
58837	2617	11815	1	1	64	尤溪县
58826	2640	11780	1	1	64	沙县
58821	2673	11747	1	1	64	将乐县
58820	2690	11717	1	1	64	泰宁县
58822	2683	11685	1	1	64	建宁县
58921	2597	11735	1	1	64	永安市
58929	2507	11815	1	1	64	安溪县
58934	2533	11827	1	1	64	永春县
58935	2548	11823	1	1	64	德化县
59137	2482	11857	1	1	64	晋江市
59131	2497	11837	1	1	64	南安市
59126	2450	11765	1	1	64	漳州市
59322	2398	11737	1	1	64	云霄县
59129	2413	11760	1	1	64	漳浦县
59320	2377	11713	1	1	64	诏安县
59122	2462	11775	1	1	64	长泰县
59321	2378	11750	1	1	64	东山县
59124	2452	11737	1	1	64	南靖县
59125	2438	11732	1	1	64	平和县
58928	2502	11753	1	1	64	华安县
59127	2443	11783	1	1	64	龙海市
58823	2680	11780	1	1	64	顺昌县
58731	2792	11853	1	1	64	浦城县
58724	2752	11730	1	1	64	光泽县
58735	2752	11880	1	1	64	松溪县
58736	2737	11882	1	1	64	政和县
58725	2733	11747	1	1	64	邵武市
58730	2777	11803	1	1	64	武夷山市
58737	2705	11832	1	1	64	建瓯市
58734	2733	11812	1	1	64	建阳市
58911	2585	11637	1	1	64	长汀县
59113	2473	11672	1	1	64	永定县
58918	2505	11642	1	1	64	上杭县
58917	2508	11610	1	1	64	武平县
58912	2572	11675	1	1	64	连城县
58926	2530	11742	1	1	64	漳平市
58843	2688	12002	1	1	64	霞浦县
58836	2658	11873	1	1	64	古田县
58933	2692	11898	1	1	64	屏南县
58744	2745	11942	1	1	64	寿宁县
58747	2715	11935	1	1	64	周宁县
58749	2723	11988	1	1	64	柘荣县
58748	2710	11965	1	1	64	福安市
58754	2733	12020	1	1	64	福鼎市
58607	2855	11595	1	1	64	南昌县
58693	2870	11583	1	1	64	新建县
58602	2885	11555	1	1	64	安义县
58614	2838	11627	1	1	64	进贤县
58524	2922	11713	1	1	64	浮梁县
58620	2897	11713	1	1	64	乐平市
57789	2713	11395	1	1	64	莲花县
57783	2753	11349	1	1	64	上栗县
57794	2738	11401	1	1	64	芦溪县
58506	2958	11598	1	1	64	庐山区
58505	2937	11554	1	1	64	九江县
58507	2925	11512	1	1	64	武宁县
57598	2903	11458	1	1	64	修水县
58509	2905	11582	1	1	64	永修县
58508	2933	11577	1	1	64	德安县
58514	2945	11605	1	1	64	星子县
58517	2927	11620	1	1	64	都昌县
58510	2973	11623	1	1	64	湖口县
58512	2990	11655	1	1	64	彭泽县
58503	2968	11567	1	1	64	瑞昌市
57792	2782	11468	1	1	64	分宜县
58616	2820	11682	1	1	64	余江县
58626	2830	11722	1	1	64	贵溪市
57993	2587	11500	1	1	64	赣县
57995	2540	11493	1	1	64	信丰县
57994	2540	11435	1	1	64	大余县
57991	2580	11455	1	1	64	上犹县
57990	2570	11430	1	1	64	崇义县
58907	2515	11540	1	1	64	安远县
59092	2492	11482	1	1	64	龙南县
59093	2478	11503	1	1	64	定南县
59091	2475	11453	1	1	64	全南县
58806	2648	11602	1	1	64	宁都县
58905	2597	11542	1	1	64	于都县
58804	2635	11535	1	1	64	兴国县
58906	2560	11580	1	1	64	会昌县
59102	2495	11565	1	1	64	寻乌县
58814	2635	11635	1	1	64	石城县
58903	2590	11603	1	1	64	瑞金市
57992	2567	11475	1	1	64	南康市
57799	2705	11492	1	1	64	吉安县
58707	2722	11513	1	1	64	吉水县
58704	2762	11535	1	1	64	峡江县
58701	2777	11540	1	1	64	新干县
58705	2733	11542	1	1	64	永丰县
57899	2680	11492	1	1	64	泰和县
57896	2633	11450	1	1	64	遂川县
57895	2647	11478	1	1	64	万安县
57798	2740	11460	1	1	64	安福县
57891	2693	11425	1	1	64	永新县
57894	2658	11417	1	1	64	井冈山市
58601	2870	11538	1	1	64	奉新县
57698	2812	11445	1	1	64	万载县
57699	2823	11492	1	1	64	上高县
57696	2840	11478	1	1	64	宜丰县
58600	2887	11537	1	1	64	靖安县
57694	2853	11438	1	1	64	铜鼓县
58609	2822	11582	1	1	64	丰城市
58608	2807	11555	1	1	64	樟树市
58605	2842	11538	1	1	64	高安市
58619	2800	11637	1	1	64	临川区
58715	2758	11665	1	1	64	南城县
58719	2730	11693	1	1	64	黎川县
58718	2722	11653	1	1	64	南丰县
58710	2777	11605	1	1	64	崇仁县
58706	2743	11583	1	1	64	乐安县
58714	2755	11622	1	1	64	宜黄县
58712	2792	11678	1	1	64	金溪县
58713	2772	11707	1	1	64	资溪县
58618	2823	11660	1	1	64	东乡县
58813	2685	11633	1	1	64	广昌县
58635	2843	11820	1	1	64	广丰县
58634	2868	11825	1	1	64	玉山县
58629	2832	11770	1	1	64	铅山县
58625	2842	11760	1	1	64	横峰县
58624	2840	11743	1	1	64	弋阳县
58612	2870	11668	1	1	64	余干县
58615	2868	11708	1	1	64	万年县
58529	2927	11785	1	1	64	婺源县
58622	2895	11758	1	1	64	德兴市
54816	3662	11678	1	1	64	长清区
54818	3628	11643	1	1	64	平阴县
54821	3698	11712	1	1	64	济阳县
54724	3733	11717	1	1	64	商河县
54727	3670	11755	1	1	64	章丘市
54853	3617	12042	1	1	64	崂山区
54849	3627	12000	1	1	64	胶州市
54855	3638	12047	1	1	64	即墨市
54842	3677	11993	1	1	64	平度市
54943	3588	12000	1	1	64	胶南市
54851	3690	12055	1	1	64	莱西市
54824	3663	11795	1	1	64	淄川区
54825	3652	11783	1	1	64	博山区
54834	3683	11830	1	1	64	临淄区
54829	3677	11787	1	1	64	周村区
54833	3698	11808	1	1	64	桓台县
54729	3718	11785	1	1	64	高青县
54836	3618	11815	1	1	64	沂源县
58021	3478	11728	1	1	64	薛城区
58022	3477	11780	1	1	64	峄城区
58025	3457	11773	1	1	64	台儿庄区
54927	3512	11713	1	1	64	滕州市
54732	3787	11852	1	1	64	河口区
54744	3760	11853	1	1	64	垦利县
54731	3748	11822	1	1	64	利津县
54738	3705	11835	1	1	64	广饶县
54764	3750	12125	1	1	64	福山区
54766	3738	12142	1	1	64	牟平区
54751	3793	12072	1	1	64	长岛县
54753	3762	12032	1	1	64	龙口市
54852	3697	12073	1	1	64	莱阳市
54749	3718	11993	1	1	64	莱州市
54752	3780	12077	1	1	64	蓬莱市
54755	3737	12038	1	1	64	招远市
54759	3730	12082	1	1	64	栖霞市
54863	3677	12118	1	1	64	海阳市
54835	3650	11855	1	1	64	临朐县
54837	3670	11883	1	1	64	昌乐县
54831	3670	11847	1	1	64	青州市
54848	3598	11942	1	1	64	诸城市
54832	3688	11872	1	1	64	寿光市
54844	3642	11917	1	1	64	安丘市
54846	3638	11972	1	1	64	高密市
54841	3687	11940	1	1	64	昌邑市
58020	3485	11713	1	1	64	微山县
54907	3498	11665	1	1	64	鱼台县
54917	3512	11632	1	1	64	金乡县
54921	3547	11643	1	1	64	嘉祥县
54912	3572	11648	1	1	64	汶上县
54920	3565	11730	1	1	64	泗水县
54910	3580	11608	1	1	64	梁山县
54918	3560	11698	1	1	64	曲阜市
54916	3557	11685	1	1	64	兖州市
54919	3542	11698	1	1	64	邹城市
54826	3625	11710	1	1	64	泰山区
54913	3575	11682	1	1	64	宁阳县
54911	3593	11645	1	1	64	东平县
54922	3588	11778	1	1	64	新泰市
54819	3618	11680	1	1	64	肥城市
54777	3722	12207	1	1	64	文登市
54778	3717	12248	1	1	64	荣成市
54861	3693	12153	1	1	64	乳山市
54940	3575	11920	1	1	64	五莲县
54936	3558	11883	1	1	64	莒县
54935	3553	11847	1	1	64	沂南县
58034	3460	11832	1	1	64	郯城县
54932	3578	11868	1	1	64	沂水县
58030	3490	11810	1	1	64	苍山县
54929	3525	11795	1	1	64	费县
54925	3550	11762	1	1	64	平邑县
54939	3525	11883	1	1	64	莒南县
54923	3572	11792	1	1	64	蒙阴县
58032	3493	11865	1	1	64	临沭县
54715	3733	11657	1	1	64	陵县
54716	3765	11680	1	1	64	宁津县
54728	3777	11738	1	1	64	庆云县
54712	3720	11682	1	1	64	临邑县
54812	3678	11675	1	1	64	齐河县
54718	3715	11643	1	1	64	平原县
54803	3698	11602	1	1	64	夏津县
54709	3722	11607	1	1	64	武城县
54726	3772	11718	1	1	64	乐陵市
54811	3693	11663	1	1	64	禹城市
54807	3613	11580	1	1	64	阳谷县
54808	3623	11567	1	1	64	莘县
54814	3658	11622	1	1	64	茌平县
54815	3633	11623	1	1	64	东阿县
54805	3648	11545	1	1	64	冠县
54810	3687	11627	1	1	64	高唐县
54802	3682	11570	1	1	64	临清市
54725	3748	11753	1	1	64	惠民县
54723	3765	11757	1	1	64	阳信县
54722	3775	11762	1	1	64	无棣县
54730	3768	11813	1	1	64	沾化县
54737	3715	11815	1	1	64	博兴县
54822	3690	11773	1	1	64	邹平县
58002	3483	11557	1	1	64	曹县
58011	3480	11607	1	1	64	单县
58003	3495	11588	1	1	64	成武县
54914	3542	11610	1	1	64	巨野县
54905	3560	11592	1	1	64	郓城县
54904	3558	11552	1	1	64	鄄城县
54909	3510	11555	1	1	64	定陶县
54908	3528	11508	1	1	64	东明县
57090	3472	11397	1	1	64	中牟县
57080	3473	11297	1	1	64	巩义市
57081	3480	11343	1	1	64	荥阳市
57085	3455	11337	1	1	64	新密市
57086	3438	11372	1	1	64	新郑市
57082	3447	11302	1	1	64	登封市
57096	3453	11478	1	1	64	杞县
57191	3448	11448	1	1	64	通许县
57094	3440	11422	1	1	64	尉氏县
57093	3485	11482	1	1	64	兰考县
57071	3482	11243	1	1	64	孟津县
57070	3473	11212	1	1	64	新安县
57077	3378	11160	1	1	64	栾川县
57162	3415	11208	1	1	64	嵩县
57078	3415	11247	1	1	64	汝阳县
57065	3450	11218	1	1	64	宜阳县
57066	3438	11167	1	1	64	洛宁县
57074	3442	11242	1	1	64	伊川县
57076	3472	11282	1	1	64	偃师市
57181	3388	11305	1	1	64	宝丰县
57184	3363	11337	1	1	64	叶县
57173	3375	11288	1	1	64	鲁山县
57180	3398	11320	1	1	64	郏县
57177	3333	11353	1	1	64	舞钢市
57075	3417	11287	1	1	64	汝州市
53991	3593	11435	1	1	64	汤阴县
53995	3555	11450	1	1	64	滑县
53993	3593	11492	1	1	64	内黄县
53889	3607	11382	1	1	64	林州市
53992	3565	11452	1	1	64	浚县
53974	3562	11418	1	1	64	淇县
53988	3527	11367	1	1	64	获嘉县
53989	3505	11395	1	1	64	原阳县
53997	3515	11418	1	1	64	延津县
53983	3503	11442	1	1	64	封丘县
53998	3520	11465	1	1	64	长垣县
53994	3538	11407	1	1	64	卫辉市
53985	3545	11382	1	1	64	辉县市
53984	3523	11347	1	1	64	修武县
53979	3518	11305	1	1	64	博爱县
53987	3510	11342	1	1	64	武陟县
57079	3495	11303	1	1	64	温县
53978	3508	11263	1	1	64	济源市
53972	3512	11292	1	1	64	沁阳市
57072	3492	11275	1	1	64	孟州市
54902	3590	11512	1	1	64	清丰县
54901	3608	11517	1	1	64	南乐县
54903	3585	11548	1	1	64	范县
54817	3598	11587	1	1	64	台前县
57095	3412	11415	1	1	64	鄢陵县
57182	3385	11350	1	1	64	襄城县
57088	3415	11350	1	1	64	禹州市
57087	3420	11380	1	1	64	长葛市
57185	3345	11358	1	1	64	舞阳县
57183	3380	11392	1	1	64	临颍县
57063	3477	11177	1	1	64	渑池县
57067	3405	11103	1	1	64	卢氏县
57056	3453	11088	1	1	64	灵宝市
57176	3348	11242	1	1	64	南召县
57179	3328	11300	1	1	64	方城县
57156	3330	11150	1	1	64	西峡县
57175	3305	11223	1	1	64	镇平县
57169	3305	11187	1	1	64	内乡县
57261	3313	11150	1	1	64	淅川县
57187	3307	11293	1	1	64	社旗县
57273	3268	11285	1	1	64	唐河县
57271	3255	11238	1	1	64	新野县
57285	3238	11342	1	1	64	桐柏县
57274	3270	11212	1	1	64	邓州市
58004	3465	11515	1	1	64	民权县
58001	3443	11510	1	1	64	睢县
58008	3447	11533	1	1	64	宁陵县
58007	3407	11530	1	1	64	柘城县
58006	3438	11588	1	1	64	虞城县
58017	3425	11613	1	1	64	夏邑县
58111	3397	11645	1	1	64	永城市
57298	3222	11455	1	1	64	罗山县
57299	3202	11490	1	1	64	光山县
57396	3163	11485	1	1	64	新县
58301	3182	11538	1	1	64	商城县
58208	3217	11562	1	1	64	固始县
58207	3217	11505	1	1	64	潢川县
58205	3247	11543	1	1	64	淮滨县
57296	3235	11473	1	1	64	息县
57195	3362	11462	1	1	64	川汇区
57098	3408	11440	1	1	64	扶沟县
57193	3378	11452	1	1	64	西华县
57198	3355	11462	1	1	64	商水县
58104	3340	11507	1	1	64	沈丘县
58100	3365	11517	1	1	64	郸城县
57192	3373	11485	1	1	64	淮阳县
57099	3407	11485	1	1	64	太康县
58101	3387	11548	1	1	64	鹿邑县
57196	3345	11488	1	1	64	项城市
57188	3337	11403	1	1	64	西平县
57194	3328	11427	1	1	64	上蔡县
57292	3297	11463	1	1	64	平舆县
57295	3262	11435	1	1	64	正阳县
57294	3283	11402	1	1	64	确山县
57281	3270	11330	1	1	64	泌阳县
57197	3300	11433	1	1	64	汝南县
57189	3313	11395	1	1	64	遂平县
57293	3273	11498	1	1	64	新蔡县
57489	3058	11400	1	1	64	蔡甸区
57493	3033	11433	1	1	64	江夏区
57491	3087	11440	1	1	64	黄陂区
57492	3083	11480	1	1	64	新洲区
58407	3023	11503	1	1	64	黄石市
58500	2985	11520	1	1	64	阳新县
57499	3010	11497	1	1	64	大冶市
57253	3285	11082	1	1	64	郧县
57251	3300	11042	1	1	64	郧西县
57257	3223	11023	1	1	64	竹山县
57249	3232	10968	1	1	64	竹溪县
57259	3203	11077	1	1	64	房县
57260	3257	11152	1	1	64	丹江口市
57453	3077	11132	1	1	64	夷陵区
57368	3107	11163	1	1	64	远安县
57359	3135	11073	1	1	64	兴山县
57358	3083	11097	1	1	64	秭归县
57464	3047	11118	1	1	64	长阳土家族自治县
57458	3020	11067	1	1	64	五峰土家族自治县
57465	3038	11145	1	1	64	宜都市
57460	3082	11178	1	1	64	当阳市
57466	3043	11175	1	1	64	枝江市
57363	3178	11183	1	1	64	南漳县
57268	3227	11163	1	1	64	谷城县
57361	3188	11127	1	1	64	保康县
57265	3238	11167	1	1	64	老河口市
57279	3215	11275	1	1	64	枣阳市
57370	3173	11222	1	1	64	宜城市
57377	3105	11220	1	1	64	荆门市
57387	3102	11312	1	1	64	京山县
57378	3117	11257	1	1	64	钟祥市
57386	3115	11400	1	1	64	孝昌县
57395	3157	11412	1	1	64	大悟县
57389	3103	11375	1	1	64	云梦县
57481	3095	11357	1	1	64	应城市
57388	3127	11370	1	1	64	安陆市
57486	3065	11385	1	1	64	汉川市
57477	3007	11222	1	1	64	公安县
57573	2983	11290	1	1	64	监利县
57571	2970	11238	1	1	64	石首市
57581	2982	11345	1	1	64	洪湖市
57469	3018	11177	1	1	64	松滋市
57495	3040	11453	1	1	64	团风县
57398	3128	11462	1	1	64	红安县
58401	3078	11540	1	1	64	罗田县
58402	3073	11567	1	1	64	英山县
58404	3045	11525	1	1	64	浠水县
58408	3023	11543	1	1	64	蕲春县
58409	3007	11593	1	1	64	黄梅县
57399	3118	11502	1	1	64	麻城市
58501	2995	11563	1	1	64	武穴市
57583	2998	11392	1	1	64	嘉鱼县
57589	2925	11380	1	1	64	通城县
57586	2953	11403	1	1	64	崇阳县
57595	2960	11450	1	1	64	通山县
57582	2972	11388	1	1	64	赤壁市
57381	3172	11338	1	1	64	随州市
57385	3162	11382	1	1	64	广水市
57439	3028	10893	1	1	64	利川市
57445	3060	10972	1	1	64	建始县
57355	3103	11037	1	1	64	巴东县
57541	3000	10948	1	1	64	宣恩县
57540	2968	10915	1	1	64	咸丰县
57545	2952	10942	1	1	64	来凤县
57543	2990	11003	1	1	64	鹤峰县
57485	3037	11343	1	1	64	仙桃市
57475	3040	11290	1	1	64	潜江市
57483	3067	11317	1	1	64	天门市
57362	3175	11067	1	1	64	神农架林区
57678	2825	11255	1	1	64	宁乡县
57688	2817	11363	1	1	64	浏阳市
57779	2700	11335	1	1	64	攸县
57882	2678	11355	1	1	64	茶陵县
57886	2650	11378	1	1	64	炎陵县
57781	2765	11350	1	1	64	醴陵市
57772	2775	11250	1	1	64	湘乡市
57771	2793	11253	1	1	64	韶山市
57776	2730	11270	1	1	64	南岳区
57871	2698	11237	1	1	64	衡阳县
57875	2688	11250	1	1	64	衡南县
57777	2723	11287	1	1	64	衡山县
57778	2710	11295	1	1	64	衡东县
57870	2680	11210	1	1	64	祁东县
57876	2640	11285	1	1	64	耒阳市
57874	2642	11240	1	1	64	常宁市
57769	2723	11173	1	1	64	邵东县
57768	2732	11145	1	1	64	新邵县
57860	2700	11128	1	1	64	邵阳县
57767	2712	11103	1	1	64	隆回县
57758	2707	11058	1	1	64	洞口县
57846	2658	11015	1	1	64	绥宁县
57851	2645	11085	1	1	64	新宁县
57857	2637	11032	1	1	64	城步苗族自治县
57853	2673	11063	1	1	64	武冈市
57575	2952	11257	1	1	64	华容县
57673	2868	11288	1	1	64	湘阴县
57682	2872	11357	1	1	64	平江县
57680	2880	11307	1	1	64	汨罗市
57585	2948	11345	1	1	64	临湘市
57577	2940	11217	1	1	64	安乡县
57663	2892	11195	1	1	64	汉寿县
57565	2965	11175	1	1	64	澧县
57566	2945	11165	1	1	64	临澧县
57661	2892	11148	1	1	64	桃源县
57562	2958	11137	1	1	64	石门县
57564	2943	11113	1	1	64	慈利县
57554	2940	11017	1	1	64	桑植县
57674	2857	11238	1	1	64	赫山区
57574	2937	11240	1	1	64	南县
57666	2852	11213	1	1	64	桃江县
57669	2838	11122	1	1	64	安化县
57671	2885	11237	1	1	64	沅江市
57973	2575	11272	1	1	64	桂阳县
57976	2542	11295	1	1	64	宜章县
57887	2613	11312	1	1	64	永兴县
57974	2558	11237	1	1	64	嘉禾县
57978	2528	11255	1	1	64	临武县
57985	2557	11368	1	1	64	汝城县
57889	2608	11395	1	1	64	桂东县
57881	2672	11325	1	1	64	安仁县
57981	2598	11322	1	1	64	资兴市
57865	2642	11157	1	1	64	冷水滩区
57868	2660	11187	1	1	64	祁阳县
57867	2640	11128	1	1	64	东安县
57962	2597	11165	1	1	64	双牌县
57965	2553	11160	1	1	64	道县
57969	2527	11133	1	1	64	江永县
57966	2560	11195	1	1	64	宁远县
57975	2538	11220	1	1	64	蓝山县
57971	2592	11220	1	1	64	新田县
59063	2518	11145	1	1	64	江华瑶族自治县
57655	2847	11040	1	1	64	沅陵县
57658	2802	11020	1	1	64	辰溪县
57752	2792	11060	1	1	64	溆浦县
57842	2688	10972	1	1	64	会同县
57743	2788	10980	1	1	64	麻阳苗族自治县
57744	2737	10917	1	1	64	新晃侗族自治县
57745	2745	10968	1	1	64	芷江侗族自治县
57841	2657	10967	1	1	64	靖州苗族侗族自治县
57845	2617	10978	1	1	64	通道侗族自治县
57754	2735	11015	1	1	64	洪江市
57774	2745	11217	1	1	64	双峰县
57761	2775	11130	1	1	64	新化县
57760	2770	11143	1	1	64	冷水江市
57762	2770	11168	1	1	64	涟源市
57657	2823	11020	1	1	64	泸溪县
57740	2795	10960	1	1	64	凤凰县
57640	2858	10945	1	1	64	花垣县
57642	2870	10963	1	1	64	保靖县
57646	2862	10995	1	1	64	古丈县
57643	2900	10983	1	1	64	永顺县
57544	2947	10945	1	1	64	龙山县
59481	2293	11332	1	1	64	番禺区
59284	2338	11322	1	1	64	花都区
59294	2333	11383	1	1	64	增城市
59285	2355	11358	1	1	64	从化市
59090	2495	11407	1	1	64	始兴县
57989	2510	11373	1	1	64	仁化县
59094	2437	11412	1	1	64	翁源县
59081	2478	11327	1	1	64	乳源瑶族自治县
59097	2405	11420	1	1	64	新丰县
57988	2515	11335	1	1	64	乐昌市
57996	2513	11432	1	1	64	南雄市
59487	2223	11330	1	1	64	斗门区
59318	2327	11658	1	1	64	潮阳区
59319	2347	11677	1	1	64	澄海区
59324	2343	11703	1	1	64	南澳县
59288	2305	11313	1	1	64	南海区
59480	2285	11325	1	1	64	顺德区
59279	2318	11287	1	1	64	三水区
59476	2253	11303	1	1	64	新会区
59478	2225	11278	1	1	64	台山市
59475	2237	11268	1	1	64	开平市
59473	2277	11297	1	1	64	鹤山市
59477	2218	11230	1	1	64	恩平市
59650	2138	11025	1	1	64	遂溪县
59754	2033	11018	1	1	64	徐闻县
59654	2163	11030	1	1	64	廉江市
59750	2092	11010	1	1	64	雷州市
59656	2143	11077	1	1	64	吴川市
59664	2153	11098	1	1	64	电白县
59653	2193	11085	1	1	64	高州市
59655	2165	11062	1	1	64	化州市
59456	2235	11093	1	1	64	信宜市
59271	2363	11243	1	1	64	广宁县
59270	2392	11218	1	1	64	怀集县
59264	2345	11150	1	1	64	封开县
59269	2315	11177	1	1	64	德庆县
59278	2303	11245	1	1	64	高要市
59276	2335	11268	1	1	64	四会市
59298	2308	11442	1	1	64	惠阳区
59297	2318	11428	1	1	64	博罗县
59492	2292	11470	1	1	64	惠东县
59290	2373	11423	1	1	64	龙门县
59117	2427	11610	1	1	64	梅县
59116	2433	11670	1	1	64	大埔县
59310	2377	11618	1	1	64	丰顺县
59303	2393	11577	1	1	64	五华县
59106	2458	11590	1	1	64	平远县
59114	2465	11617	1	1	64	蕉岭县
59109	2415	11573	1	1	64	兴宁市
59500	2297	11532	1	1	64	海丰县
59502	2295	11565	1	1	64	陆丰市
59293	2380	11473	1	1	64	河源市
59304	2363	11518	1	1	64	紫金县
59107	2410	11525	1	1	64	龙川县
59096	2437	11448	1	1	64	连平县
59099	2445	11493	1	1	64	和平县
59469	2217	11178	1	1	64	阳春市
59087	2387	11353	1	1	64	佛冈县
59075	2448	11263	1	1	64	阳山县
59074	2457	11215	1	1	64	连山壮族瑶族自治县
59071	2472	11228	1	1	64	连南瑶族自治县
59088	2418	11342	1	1	64	英德市
59072	2478	11238	1	1	64	连州市
59313	2368	11698	1	1	64	饶平县
59315	2357	11638	1	1	64	揭阳市
59306	2343	11583	1	1	64	揭西县
59317	2303	11630	1	1	64	惠来县
59314	2330	11613	1	1	64	普宁市
59470	2272	11222	1	1	64	新兴县
59268	2325	11153	1	1	64	郁南县
59462	2277	11157	1	1	64	罗定市
59435	2277	10848	1	1	64	邕宁区
59237	2317	10828	1	1	64	武鸣县
59229	2318	10770	1	1	64	隆安县
59230	2372	10817	1	1	64	马山县
59235	2343	10862	1	1	64	上林县
59238	2322	10880	1	1	64	宾阳县
59441	2270	10925	1	1	64	横县
59047	2425	10933	1	1	64	柳江县
59041	2465	10925	1	1	64	柳城县
59045	2448	10975	1	1	64	鹿寨县
57947	2522	10940	1	1	64	融安县
57948	2508	10925	1	1	64	融水苗族自治县
57941	2578	10960	1	1	64	三江侗族自治县
57958	2508	11032	1	1	64	雁山区
59051	2477	11050	1	1	64	阳朔县
57954	2523	11018	1	1	64	临桂县
57956	2542	11032	1	1	64	灵川县
57960	2593	11107	1	1	64	全州县
57955	2562	11067	1	1	64	兴安县
57949	2498	11000	1	1	64	永福县
57964	2550	11115	1	1	64	灌阳县
57942	2580	11000	1	1	64	龙胜各族自治县
57859	2603	11063	1	1	64	资源县
59053	2462	11067	1	1	64	平乐县
59052	2483	11082	1	1	64	恭城瑶族自治县
59266	2342	11123	1	1	64	苍梧县
59256	2337	11092	1	1	64	藤县
59058	2420	11052	1	1	64	蒙山县
59454	2292	11100	1	1	64	岑溪市
59640	2167	10918	1	1	64	合浦县
59631	2178	10835	1	1	64	防城区
59429	2215	10797	1	1	64	上思县
59626	2153	10797	1	1	64	东兴市
59446	2242	10930	1	1	64	灵山县
59448	2227	10955	1	1	64	浦北县
59255	2355	11038	1	1	64	平南县
59254	2340	11008	1	1	64	桂平市
59452	2285	11053	1	1	64	容县
59457	2232	11027	1	1	64	陆川县
59449	2227	10998	1	1	64	博白县
59451	2270	11035	1	1	64	北流市
59213	2373	10692	1	1	64	田阳县
59224	2360	10712	1	1	64	田东县
59228	2332	10758	1	1	64	平果县
59215	2333	10662	1	1	64	德保县
59218	2313	10642	1	1	64	靖西县
59209	2342	10583	1	1	64	那坡县
59015	2435	10657	1	1	64	凌云县
59012	2478	10655	1	1	64	乐业县
59017	2428	10623	1	1	64	田林县
59004	2450	10510	1	1	64	西林县
59001	2478	10533	1	1	64	隆林各族自治县
59065	2442	11153	1	1	64	八步区
59059	2418	11080	1	1	64	昭平县
59064	2455	11132	1	1	64	钟山县
59061	2482	11127	1	1	64	富川瑶族自治县
59022	2498	10755	1	1	64	南丹县
57927	2500	10717	1	1	64	天峨县
59021	2455	10703	1	1	64	凤山县
59025	2452	10737	1	1	64	东兰县
59033	2478	10890	1	1	64	罗城仫佬族自治县
59031	2483	10825	1	1	64	环江毛南族自治县
59027	2413	10725	1	1	64	巴马瑶族自治县
59037	2393	10810	1	1	64	都安瑶族自治县
59034	2448	10867	1	1	64	宜州市
59038	2407	10865	1	1	64	忻城县
59241	2397	10968	1	1	64	象州县
59246	2360	10967	1	1	64	武宣县
59057	2413	11018	1	1	64	金秀瑶族自治县
59426	2263	10790	1	1	64	扶绥县
59427	2212	10707	1	1	64	宁明县
59417	2233	10685	1	1	64	龙州县
59421	2283	10720	1	1	64	大新县
59227	2308	10715	1	1	64	天等县
59419	2210	10675	1	1	64	凭祥市
59757	2000	11037	1	1	64	琼山区
59941	1877	10952	1	1	64	五指山市
59855	1923	11047	1	1	64	琼海市
59845	1952	10958	1	1	64	儋州市
59856	1962	11075	1	1	64	文昌市
59951	1880	11037	1	1	64	万宁市
59838	1910	10862	1	1	64	东方市
59851	1970	11033	1	1	64	定安县
59854	1937	11010	1	1	64	屯昌县
59843	1973	11000	1	1	64	澄迈县
59842	1990	10968	1	1	64	临高县
59848	1923	10943	1	1	64	白沙黎族自治县
59847	1927	10905	1	1	64	昌江黎族自治县
59940	1875	10917	1	1	64	乐东黎族自治县
59954	1850	11003	1	1	64	陵水黎族自治县
59945	1865	10970	1	1	64	保亭黎族苗族自治县
59849	1903	10983	1	1	64	琼中黎族苗族自治县
59981	1683	11233	1	1	64	西沙群岛
57432	3077	10840	1	1	64	万州区
57522	2975	10742	1	1	64	涪陵区
57516	2958	10647	1	1	64	沙坪坝区
57511	2985	10645	1	1	64	北碚区
57509	2895	10693	1	1	64	万盛区
57513	2973	10662	1	1	64	渝北区
57518	2938	10653	1	1	64	巴南区
57536	2953	10878	1	1	64	黔江区
57520	2983	10707	1	1	64	长寿区
57612	2902	10665	1	1	64	綦江县
57409	3018	10580	1	1	64	潼南县
57510	2985	10605	1	1	64	铜梁县
57502	2970	10570	1	1	64	大足县
57505	2942	10560	1	1	64	荣昌县
57514	2958	10622	1	1	64	璧山县
57426	3068	10780	1	1	64	梁平县
57333	3195	10867	1	1	64	城口县
57523	2985	10773	1	1	64	丰都县
57425	3033	10733	1	1	64	垫江县
57525	2932	10775	1	1	64	武隆县
57437	3030	10803	1	1	64	忠县
57338	3112	10826	1	1	64	开县
57339	3095	10868	1	1	64	云阳县
57348	3102	10953	1	1	64	奉节县
57349	3107	10987	1	1	64	巫山县
57345	3140	10962	1	1	64	巫溪县
57438	2998	10812	1	1	64	石柱土家族自治县
57635	2845	10898	1	1	64	秀山土家族苗族自治县
57633	2883	10877	1	1	64	酉阳土家族苗族自治县
57537	2930	10817	1	1	64	彭水苗族土家族自治县
56286	3055	10425	1	1	64	龙泉驿区
56290	3083	10415	1	1	64	新都区
56187	3070	10383	1	1	64	温江区
56296	3085	10443	1	1	64	金堂县
56288	3058	10392	1	1	64	双流县
56272	3082	10388	1	1	64	郫县
56285	3060	10352	1	1	64	大邑县
56281	3018	10350	1	1	64	蒲江县
56276	3045	10382	1	1	64	新津县
56188	3100	10367	1	1	64	都江堰市
56189	3098	10393	1	1	64	彭州市
56284	3042	10348	1	1	64	邛崃市
56181	3063	10367	1	1	64	崇州市
56396	2935	10477	1	1	64	自贡市
56394	2945	10443	1	1	64	荣县
56399	2918	10498	1	1	64	富顺县
56674	2650	10173	1	1	64	仁和区
56670	2690	10212	1	1	64	米易县
56665	2668	10185	1	1	64	盐边县
57604	2878	10538	1	1	64	纳溪区
57508	2915	10537	1	1	64	泸县
57603	2882	10583	1	1	64	合江县
57608	2817	10543	1	1	64	叙永县
57605	2803	10582	1	1	64	古蔺县
56199	3103	10468	1	1	64	中江县
56291	3097	10428	1	1	64	广汉市
56197	3113	10418	1	1	64	什邡市
56186	3133	10420	1	1	64	绵竹市
57307	3110	10508	1	1	64	三台县
57308	3122	10538	1	1	64	盐亭县
56190	3155	10455	1	1	64	安县
57304	3167	10517	1	1	64	梓潼县
56194	3183	10447	1	1	64	北川羌族自治县
56193	3242	10452	1	1	64	平武县
56195	3178	10473	1	1	64	江油市
57217	3223	10628	1	1	64	旺苍县
57204	3258	10523	1	1	64	青川县
57208	3202	10547	1	1	64	剑阁县
57303	3173	10592	1	1	64	苍溪县
57402	3077	10570	1	1	64	蓬溪县
57401	3087	10522	1	1	64	射洪县
57503	2962	10512	1	1	64	东兴区
56395	2952	10467	1	1	64	威远县
56393	2977	10485	1	1	64	资中县
57507	2933	10530	1	1	64	隆昌县
56389	2920	10395	1	1	64	犍为县
56390	2967	10407	1	1	64	井研县
56382	2973	10360	1	1	64	夹江县
56490	2895	10390	1	1	64	沐川县
56387	2923	10327	1	1	64	峨边彝族自治县
56480	2883	10355	1	1	64	马边彝族自治县
56385	2952	10333	1	1	64	峨眉山市
57411	3078	10610	1	1	64	高坪区
57314	3135	10607	1	1	64	南部县
57318	3107	10655	1	1	64	营山县
57317	3103	10642	1	1	64	蓬安县
57315	3153	10640	1	1	64	仪陇县
57309	3098	10588	1	1	64	西充县
57306	3158	10597	1	1	64	阆中市
56297	3002	10415	1	1	64	仁寿县
56289	3020	10387	1	1	64	彭山县
56380	2992	10337	1	1	64	洪雅县
56381	3002	10352	1	1	64	丹棱县
56383	2983	10383	1	1	64	青神县
56493	2885	10497	1	1	64	南溪县
57600	2872	10507	1	1	64	江安县
56593	2858	10492	1	1	64	长宁县
56592	2843	10452	1	1	64	高县
56499	2838	10478	1	1	64	珙县
56498	2817	10450	1	1	64	筠连县
56496	2832	10523	1	1	64	兴文县
56494	2865	10415	1	1	64	屏山县
57414	3055	10645	1	1	64	岳池县
57417	3035	10628	1	1	64	武胜县
57416	3033	10693	1	1	64	邻水县
57328	3120	10750	1	1	64	达县
57326	3137	10772	1	1	64	宣汉县
57329	3108	10785	1	1	64	开江县
57420	3075	10720	1	1	64	大竹县
57413	3085	10697	1	1	64	渠县
57237	3207	10803	1	1	64	万源市
56280	3008	10312	1	1	64	名山县
56373	2978	10285	1	1	64	荥经县
56376	2935	10268	1	1	64	汉源县
56378	2923	10235	1	1	64	石棉县
56278	3007	10277	1	1	64	天全县
56279	3015	10293	1	1	64	芦山县
56273	3038	10282	1	1	64	宝兴县
57320	3193	10723	1	1	64	通江县
57216	3235	10683	1	1	64	南江县
57324	3158	10708	1	1	64	平昌县
57408	3012	10535	1	1	64	安岳县
57407	3028	10503	1	1	64	乐至县
56295	3038	10455	1	1	64	简阳市
56183	3147	10358	1	1	64	汶川县
56184	3143	10317	1	1	64	理县
56180	3168	10385	1	1	64	茂县
56182	3265	10357	1	1	64	松潘县
56097	3327	10423	1	1	64	九寨沟县
56168	3148	10207	1	1	64	金川县
56178	3100	10235	1	1	64	小金县
56185	3208	10298	1	1	64	黑水县
56172	3190	10223	1	1	64	马尔康县
56164	3227	10098	1	1	64	壤塘县
56171	3290	10170	1	1	64	阿坝县
56079	3358	10297	1	1	64	若尔盖县
56173	3280	10255	1	1	64	红原县
56374	3005	10197	1	1	64	康定县
56371	2992	10223	1	1	64	泸定县
56263	3088	10188	1	1	64	丹巴县
56462	2900	10150	1	1	64	九龙县
56267	3003	10102	1	1	64	雅江县
56167	3098	10112	1	1	64	道孚县
56158	3140	10067	1	1	64	炉霍县
56146	3162	10000	1	1	64	甘孜县
56251	3093	10032	1	1	64	新龙县
56144	3180	9858	1	1	64	德格县
56147	3122	9883	1	1	64	白玉县
56038	3298	9810	1	1	64	石渠县
56152	3228	10033	1	1	64	色达县
56257	3000	10027	1	1	64	理塘县
56247	3000	9910	1	1	64	巴塘县
56443	2893	9980	1	1	64	乡城县
56357	2905	10030	1	1	64	稻城县
56441	2872	9928	1	1	64	得荣县
56571	2790	10227	1	1	64	西昌市
56459	2793	10127	1	1	64	木里藏族自治县
56565	2743	10152	1	1	64	盐源县
56569	2742	10218	1	1	64	德昌县
56671	2665	10225	1	1	64	会理县
56675	2665	10258	1	1	64	会东县
56578	2707	10275	1	1	64	宁南县
56575	2737	10255	1	1	64	普格县
56580	2772	10280	1	1	64	布拖县
56584	2770	10325	1	1	64	金阳县
56479	2800	10285	1	1	64	昭觉县
56478	2830	10243	1	1	64	喜德县
56474	2855	10217	1	1	64	冕宁县
56475	2865	10252	1	1	64	越西县
56473	2895	10277	1	1	64	甘洛县
56487	2833	10313	1	1	64	美姑县
56485	2827	10358	1	1	64	雷波县
57914	2642	10667	1	1	64	花溪区
57915	2663	10677	1	1	64	乌当区
57911	2667	10665	1	1	64	白云区
57719	2707	10697	1	1	64	开阳县
57718	2710	10673	1	1	64	息烽县
57811	2685	10660	1	1	64	修文县
57813	2657	10647	1	1	64	清镇市
57807	2620	10547	1	1	64	六枝特区
56693	2658	10487	1	1	64	水城县
56793	2572	10447	1	1	64	盘县
57712	2744	10657	1	1	64	汇川区
57717	2753	10682	1	1	64	遵义县
57606	2813	10683	1	1	64	桐梓县
57720	2788	10717	1	1	64	绥阳县
57625	2855	10745	1	1	64	正安县
57623	2888	10760	1	1	64	道真仡佬族苗族自治县
57634	2852	10788	1	1	64	务川仡佬族苗族自治县
57723	2798	10772	1	1	64	凤冈县
57722	2777	10747	1	1	64	湄潭县
57729	2723	10788	1	1	64	余庆县
57614	2833	10622	1	1	64	习水县
57609	2858	10570	1	1	64	赤水市
57710	2780	10640	1	1	64	仁怀市
57814	2642	10627	1	1	64	平坝县
57808	2632	10575	1	1	64	普定县
57809	2605	10577	1	1	64	镇宁布依族苗族自治县
57903	2593	10560	1	1	64	关岭布依族苗族自治县
57910	2577	10608	1	1	64	紫云苗族布依族自治县
57736	2770	10885	1	1	64	江口县
57739	2723	10888	1	1	64	玉屏侗族自治县
57734	2757	10823	1	1	64	石阡县
57731	2795	10825	1	1	64	思南县
57732	2802	10840	1	1	64	印江土家族苗族自治县
57637	2825	10812	1	1	64	德江县
57636	2857	10850	1	1	64	沿河土家族自治县
57647	2815	10918	1	1	64	松桃苗族自治县
57742	2752	10920	1	1	64	万山特区
57902	2543	10518	1	1	64	兴仁县
56792	2578	10497	1	1	64	普安县
57900	2583	10522	1	1	64	晴隆县
57905	2540	10563	1	1	64	贞丰县
57906	2518	10608	1	1	64	望谟县
57909	2498	10582	1	1	64	册亨县
57908	2512	10548	1	1	64	安龙县
57708	2715	10560	1	1	64	大方县
57803	2703	10602	1	1	64	黔西县
57714	2747	10623	1	1	64	金沙县
57805	2668	10577	1	1	64	织金县
57800	2677	10537	1	1	64	纳雍县
56691	2687	10428	1	1	64	威宁彝族回族苗族自治
56598	2713	10473	1	1	64	赫章县
57822	2690	10790	1	1	64	黄平县
57737	2703	10812	1	1	64	施秉县
57832	2697	10867	1	1	64	三穗县
57738	2705	10842	1	1	64	镇远县
57735	2718	10882	1	1	64	岑巩县
57840	2690	10920	1	1	64	天柱县
57844	2668	10918	1	1	64	锦屏县
57835	2672	10843	1	1	64	剑河县
57834	2668	10830	1	1	64	台江县
57839	2623	10915	1	1	64	黎平县
57932	2597	10853	1	1	64	榕江县
57936	2575	10892	1	1	64	从江县
57837	2640	10807	1	1	64	雷山县
57828	2650	10758	1	1	64	麻江县
57829	2620	10780	1	1	64	丹寨县
57821	2670	10750	1	1	64	福泉市
57926	2542	10788	1	1	64	荔波县
57824	2658	10723	1	1	64	贵定县
57728	2707	10747	1	1	64	瓮安县
57922	2583	10755	1	1	64	独山县
57921	2583	10732	1	1	64	平塘县
57916	2543	10677	1	1	64	罗甸县
57818	2603	10645	1	1	64	长顺县
57913	2645	10698	1	1	64	龙里县
57912	2613	10663	1	1	64	惠水县
57923	2598	10787	1	1	64	三都水族自治县
56688	2610	10317	1	1	64	东川区
56882	2488	10280	1	1	64	呈贡县
56871	2465	10260	1	1	64	晋宁县
56772	2523	10250	1	1	64	富民县
56880	2492	10317	1	1	64	宜良县
56881	2473	10327	1	1	64	石林彝族自治县
56785	2533	10303	1	1	64	嵩明县
56775	2555	10245	1	1	64	禄劝彝族苗族自治县
56781	2555	10327	1	1	64	寻甸回族彝族自治县
56863	2493	10248	1	1	64	安宁市
56782	2542	10355	1	1	64	马龙县
56788	2503	10367	1	1	64	陆良县
56883	2483	10398	1	1	64	师宗县
56891	2498	10432	1	1	64	罗平县
56790	2567	10425	1	1	64	富源县
56684	2642	10328	1	1	64	会泽县
56786	2558	10383	1	1	64	沾益县
56697	2622	10408	1	1	64	宣威市
56876	2428	10277	1	1	64	江川县
56873	2467	10290	1	1	64	澄江县
56878	2413	10275	1	1	64	通海县
56879	2420	10292	1	1	64	华宁县
56870	2467	10217	1	1	64	易门县
56898	2418	10240	1	1	64	峨山彝族自治县
56869	2407	10197	1	1	64	新平彝族傣族自治县
56966	2360	10198	1	1	64	元江哈尼族彝族傣族自
56842	2473	9918	1	1	64	施甸县
56739	2502	9850	1	1	64	腾冲县
56841	2460	9868	1	1	64	龙陵县
56843	2483	9962	1	1	64	昌宁县
56585	2718	10353	1	1	64	鲁甸县
56673	2692	10292	1	1	64	巧家县
56497	2810	10423	1	1	64	盐津县
56582	2775	10390	1	1	64	大关县
56489	2823	10363	1	1	64	永善县
56483	2860	10395	1	1	64	绥江县
56595	2743	10487	1	1	64	镇雄县
56594	2763	10405	1	1	64	彝良县
56596	2785	10505	1	1	64	威信县
56652	2668	10075	1	1	64	永胜县
56664	2663	10127	1	1	64	华坪县
56567	2730	10085	1	1	64	宁蒗彝族自治县
56961	2303	10105	1	1	64	普洱哈尼族彝族自治县
56962	2342	10167	1	1	64	墨江哈尼族自治县
56856	2447	10087	1	1	64	景东彝族自治县
56952	2350	10070	1	1	64	景谷傣族彝族自治县
56867	2398	10112	1	1	64	镇沅彝族哈尼族拉祜族
56977	2258	10185	1	1	64	江城哈尼族彝族自治县
56949	2232	9960	1	1	64	孟连傣族拉祜族佤族自
56954	2257	9993	1	1	64	澜沧拉祜族自治县
56948	2263	9960	1	1	64	西盟佤族自治县
56846	2458	9993	1	1	64	凤庆县
56854	2445	10013	1	1	64	云县
56849	2403	9923	1	1	64	永德县
56839	2377	9882	1	1	64	镇康县
56950	2347	9980	1	1	64	双江拉祜族佤族布朗族
56946	2355	9940	1	1	64	耿马傣族佤族自治县
56944	2315	9927	1	1	64	沧源佤族自治县
56862	2468	10160	1	1	64	双柏县
56766	2533	10152	1	1	64	牟定县
56767	2518	10128	1	1	64	南华县
56764	2553	10123	1	1	64	姚安县
56761	2572	10132	1	1	64	大姚县
56669	2605	10167	1	1	64	永仁县
56763	2573	10187	1	1	64	元谋县
56774	2553	10242	1	1	64	武定县
56777	2515	10207	1	1	64	禄丰县
56982	2370	10325	1	1	64	开远市
56985	2338	10338	1	1	64	蒙自县
56986	2298	10368	1	1	64	屏边苗族自治县
56973	2362	10283	1	1	64	建水县
56970	2370	10248	1	1	64	石屏县
56885	2440	10345	1	1	64	弥勒县
56886	2453	10377	1	1	64	泸西县
56976	2323	10283	1	1	64	元阳县
56975	2337	10243	1	1	64	红河县
56987	2278	10323	1	1	64	金平苗族瑶族傣族自治
56978	2300	10242	1	1	64	绿春县
56989	2250	10395	1	1	64	河口瑶族自治县
56994	2338	10425	1	1	64	文山县
56991	2362	10433	1	1	64	砚山县
56992	2345	10470	1	1	64	西畴县
56996	2313	10470	1	1	64	麻栗坡县
56995	2303	10442	1	1	64	马关县
56889	2405	10417	1	1	64	丘北县
59007	2407	10507	1	1	64	广南县
59205	2365	10563	1	1	64	富宁县
56959	2200	10078	1	1	64	景洪市
56958	2192	10042	1	1	64	勐海县
56969	2148	10157	1	1	64	勐腊县
56745	2568	9995	1	1	64	漾濞彝族自治县
56756	2548	10058	1	1	64	祥云县
56752	2583	10057	1	1	64	宾川县
56755	2535	10048	1	1	64	弥渡县
56851	2505	10053	1	1	64	南涧彝族自治县
56757	2527	10028	1	1	64	巍山彝族回族自治县
56746	2547	9952	1	1	64	永平县
56742	2590	9937	1	1	64	云龙县
56649	2612	9997	1	1	64	洱源县
56646	2653	9992	1	1	64	剑川县
56654	2658	10018	1	1	64	鹤庆县
56844	2443	9858	1	1	64	潞西市
56836	2470	9795	1	1	64	盈江县
56835	2407	9782	1	1	64	陇川县
56741	2598	9882	1	1	64	泸水县
56641	2690	9887	1	1	64	福贡县
56533	2775	9867	1	1	64	贡山独龙族怒族自治县
56645	2642	9942	1	1	64	兰坪白族普米族自治县
56543	2783	9970	1	1	64	香格里拉县
56444	2848	9892	1	1	64	德钦县
56548	2717	9928	1	1	64	维西傈僳族自治县
55493	3048	9110	1	1	64	当雄县
55585	2943	9017	1	1	64	尼木县
55593	2985	9173	1	1	64	墨竹工卡县
56137	3115	9717	1	1	64	昌都县
56128	3122	9660	1	1	64	类乌齐县
56116	3142	9560	1	1	64	丁青县
56228	3005	9692	1	1	64	八宿县
56331	2967	9783	1	1	64	左贡县
56342	2968	9860	1	1	64	芒康县
56223	3075	9583	1	1	64	洛隆县
55589	2930	9098	1	1	64	贡嘎县
55597	2903	9168	1	1	64	琼结县
56307	2915	9258	1	1	64	加查县
55696	2842	9247	1	1	64	隆子县
55690	2798	9195	1	1	64	错那县
55681	2897	9040	1	1	64	浪卡子县
55572	2968	8910	1	1	64	南木林县
55680	2892	8960	1	1	64	江孜县
55664	2863	8708	1	1	64	定日县
55569	2908	8760	1	1	64	拉孜县
55655	2818	8597	1	1	64	聂拉木县
55299	3148	9207	1	1	64	那曲县
56202	3067	9328	1	1	64	嘉黎县
56109	3148	9378	1	1	64	比如县
55294	3235	9110	1	1	64	安多县
55472	3095	8863	1	1	64	申扎县
56106	3188	9378	1	1	64	索县
55279	3138	9002	1	1	64	班戈县
55437	3028	8125	1	1	64	普兰县
55248	3215	8442	1	1	64	改则县
56312	2967	9433	1	1	64	林芝县
56317	2922	9422	1	1	64	米林县
56227	2987	9577	1	1	64	波密县
56434	2865	9747	1	1	64	察隅县
57044	3440	10923	1	1	64	临潼区
57039	3415	10892	1	1	64	长安区
57047	3417	10932	1	1	64	蓝田县
57032	3410	10820	1	1	64	周至县
57132	3412	10862	1	1	64	户县
57040	3452	10908	1	1	64	高陵县
53945	3543	10907	1	1	64	宜君县
57025	3452	10738	1	1	64	凤翔县
57024	3445	10765	1	1	64	岐山县
57026	3437	10788	1	1	64	扶风县
57027	3427	10773	1	1	64	眉县
57003	3490	10683	1	1	64	陇县
57021	3465	10713	1	1	64	千阳县
57022	3468	10778	1	1	64	麟游县
57113	3390	10653	1	1	64	凤县
57028	3403	10732	1	1	64	太白县
57048	3440	10872	1	1	64	秦都区
57123	3417	10804	1	1	64	杨凌区
57041	3463	10892	1	1	64	三原县
57033	3455	10882	1	1	64	泾阳县
57035	3455	10823	1	1	64	乾县
57029	3450	10848	1	1	64	礼泉县
57030	3470	10815	1	1	64	永寿县
57023	3503	10810	1	1	64	彬县
53929	3520	10780	1	1	64	长武县
53938	3517	10830	1	1	64	旬邑县
57031	3482	10855	1	1	64	淳化县
57034	3425	10822	1	1	64	武功县
57038	3428	10845	1	1	64	兴平市
57049	3452	10973	1	1	64	华县
57054	3455	11023	1	1	64	潼关县
57043	3480	10997	1	1	64	大荔县
53950	3523	11015	1	1	64	合阳县
53949	3518	10992	1	1	64	澄城县
53948	3495	10958	1	1	64	蒲城县
53941	3518	10958	1	1	64	白水县
57042	3478	10918	1	1	64	富平县
53955	3547	11045	1	1	64	韩城市
57055	3455	11008	1	1	64	华阴市
53854	3658	11007	1	1	64	延长县
53850	3688	11018	1	1	64	延川县
53748	3718	10970	1	1	64	子长县
53841	3688	10932	1	1	64	安塞县
53832	3677	10877	1	1	64	志丹县
53738	3692	10817	1	1	64	吴旗县
53848	3627	10935	1	1	64	甘泉县
53931	3600	10938	1	1	64	富县
53942	3582	10950	1	1	64	洛川县
53857	3607	11018	1	1	64	宜川县
53946	3560	10982	1	1	64	黄龙县
53944	3572	10925	1	1	64	黄陵县
57213	3300	10693	1	1	64	南郑县
57128	3317	10733	1	1	64	城固县
57126	3322	10755	1	1	64	洋县
57129	3298	10772	1	1	64	西乡县
57119	3317	10670	1	1	64	勉县
57211	3283	10625	1	1	64	宁强县
57106	3332	10615	1	1	64	略阳县
57238	3253	10790	1	1	64	镇巴县
57124	3363	10693	1	1	64	留坝县
57134	3352	10798	1	1	64	佛坪县
53651	3882	11043	1	1	64	神木县
53567	3903	11108	1	1	64	府谷县
53740	3793	10923	1	1	64	横山县
53735	3762	10880	1	1	64	靖边县
53725	3758	10758	1	1	64	定边县
53754	3750	11022	1	1	64	绥德县
53750	3777	11018	1	1	64	米脂县
53658	3803	11048	1	1	64	佳县
53756	3752	11072	1	1	64	吴堡县
53757	3712	11012	1	1	64	清涧县
53751	3760	11005	1	1	64	子洲县
57233	3290	10850	1	1	64	汉阴县
57232	3305	10827	1	1	64	石泉县
57137	3332	10832	1	1	64	宁陕县
57231	3253	10853	1	1	64	紫阳县
57247	3232	10890	1	1	64	岚皋县
57248	3240	10933	1	1	64	平利县
57343	3190	10953	1	1	64	镇坪县
57242	3285	10937	1	1	64	旬阳县
57254	3282	11012	1	1	64	白河县
57057	3410	11015	1	1	64	洛南县
57153	3368	11033	1	1	64	丹凤县
57154	3353	11090	1	1	64	商南县
57155	3355	10987	1	1	64	山阳县
57144	3343	10915	1	1	64	镇安县
57140	3367	10912	1	1	64	柞水县
52885	3675	10325	1	1	64	永登县
52884	3635	10393	1	1	64	皋兰县
52983	3587	10415	1	1	64	榆中县
52674	3823	10197	1	1	64	永昌县
52895	3657	10468	1	1	64	靖远县
52993	3568	10507	1	1	64	会宁县
52797	3718	10405	1	1	64	景泰县
57011	3475	10615	1	1	64	清水县
57002	3485	10565	1	1	64	秦安县
57001	3475	10533	1	1	64	甘谷县
57004	3473	10488	1	1	64	武山县
57012	3498	10620	1	1	64	张家川回族自治县
52681	3863	10308	1	1	64	民勤县
52784	3748	10290	1	1	64	古浪县
52881	3659	10311	1	1	64	天祝藏族自治县
52643	3883	9962	1	1	64	肃南裕固族自治县
52656	3845	10082	1	1	64	民乐县
52557	3915	10017	1	1	64	临泽县
52546	3937	9983	1	1	64	高台县
52661	3880	10108	1	1	64	山丹县
53915	3555	10667	1	1	64	崆峒区
53926	3533	10735	1	1	64	泾川县
53924	3507	10762	1	1	64	灵台县
53928	3530	10702	1	1	64	崇信县
53927	3520	10662	1	1	64	华亭县
53917	3522	10605	1	1	64	庄浪县
53906	3552	10572	1	1	64	静宁县
52447	4000	9890	1	1	64	金塔县
52515	3952	9488	1	1	64	肃北蒙古族自治县
52418	4015	9468	1	1	64	敦煌市
53923	3573	10763	1	1	64	西峰区
53829	3598	10790	1	1	64	庆城县
53821	3658	10730	1	1	64	环县
53930	3645	10798	1	1	64	华池县
53934	3582	10802	1	1	64	合水县
53935	3550	10835	1	1	64	正宁县
53937	3552	10792	1	1	64	宁县
53925	3568	10718	1	1	64	镇原县
52995	3558	10462	1	1	64	安定区
53908	3522	10523	1	1	64	通渭县
56092	3500	10465	1	1	64	陇西县
52998	3513	10420	1	1	64	渭源县
52986	3535	10385	1	1	64	临洮县
56091	3485	10445	1	1	64	漳县
56093	3443	10402	1	1	64	岷县
56096	3340	10492	1	1	64	武都区
57102	3375	10572	1	1	64	成县
56192	3295	10467	1	1	64	文县
56095	3403	10438	1	1	64	宕昌县
57105	3333	10560	1	1	64	康县
57008	3403	10530	1	1	64	西和县
57007	3418	10518	1	1	64	礼县
57110	3378	10608	1	1	64	徽县
57111	3392	10630	1	1	64	两当县
52988	3537	10372	1	1	64	康乐县
52980	3597	10330	1	1	64	永靖县
52982	3548	10357	1	1	64	广河县
52985	3542	10333	1	1	64	和政县
52981	3567	10340	1	1	64	东乡族自治县
56081	3470	10335	1	1	64	临潭县
56082	3458	10350	1	1	64	卓尼县
56094	3378	10437	1	1	64	舟曲县
56084	3407	10322	1	1	64	迭部县
56074	3400	10208	1	1	64	玛曲县
56071	3458	10250	1	1	64	碌曲县
52978	3520	10252	1	1	64	夏河县
52862	3695	10168	1	1	64	大通回族土族自治县
52869	3652	10157	1	1	64	湟中县
52855	3668	10123	1	1	64	湟源县
52875	3650	10210	1	1	64	平安县
52876	3632	10285	1	1	64	民和回族土族自治县
52874	3648	10238	1	1	64	乐都县
52863	3682	10195	1	1	64	互助土族自治县
52877	3610	10227	1	1	64	化隆回族自治县
52972	3583	10255	1	1	64	循化撒拉族自治县
52765	3738	10162	1	1	64	门源回族自治县
52657	3818	10025	1	1	64	祁连县
52853	3692	10098	1	1	64	海晏县
52754	3733	10013	1	1	64	刚察县
52974	3552	10202	1	1	64	同仁县
52963	3593	10203	1	1	64	尖扎县
52968	3503	10147	1	1	64	泽库县
56065	3473	10160	1	1	64	河南蒙古族自治县
52856	3627	10062	1	1	64	共和县
52957	3525	10058	1	1	64	同德县
52868	3603	10143	1	1	64	贵德县
52943	3558	9998	1	1	64	兴海县
52955	3558	10075	1	1	64	贵南县
56043	3447	10025	1	1	64	玛沁县
56151	3293	10075	1	1	64	班玛县
56045	3397	9990	1	1	64	甘德县
56046	3375	9965	1	1	64	达日县
56067	3343	10148	1	1	64	久治县
56033	3492	9822	1	1	64	玛多县
56029	3302	9702	1	1	64	玉树县
56018	3290	9530	1	1	64	杂多县
56016	3385	9560	1	1	64	治多县
56125	3220	9648	1	1	64	囊谦县
56021	3413	9578	1	1	64	曲麻莱县
52818	3642	9490	1	1	64	格尔木市
52737	3737	9737	1	1	64	德令哈市
52833	3692	9848	1	1	64	乌兰县
52836	3630	9810	1	1	64	都兰县
52745	3730	9903	1	1	64	天峻县
53618	3828	10625	1	1	64	永宁县
53610	3857	10635	1	1	64	贺兰县
53619	3812	10630	1	1	64	灵武市
53519	3922	10677	1	1	64	惠农区
53611	3890	10655	1	1	64	平罗县
53723	3780	10738	1	1	64	盐池县
53810	3697	10590	1	1	64	同心县
53617	3803	10608	1	1	64	青铜峡市
53903	3597	10572	1	1	64	西吉县
53914	3562	10612	1	1	64	隆德县
53916	3550	10632	1	1	64	泾源县
53913	3551	10637	1	1	64	彭阳县
53705	3748	10568	1	1	64	中宁县
53806	3657	10565	1	1	64	海原县
51477	4335	8832	1	1	64	达坂城区
51243	4562	8485	1	1	64	克拉玛依市
51573	4293	8920	1	1	64	吐鲁番市
51581	4285	9023	1	1	64	鄯善县
51571	4280	8863	1	1	64	托克逊县
52101	4360	9305	1	1	64	巴里坤哈萨克自治县
52118	4327	9470	1	1	64	伊吾县
51377	4417	8792	1	1	64	阜康市
51369	4397	8765	1	1	64	米泉市
51367	4413	8682	1	1	64	呼图壁县
51359	4432	8620	1	1	64	玛纳斯县
51379	4402	8957	1	1	64	奇台县
51378	4402	8917	1	1	64	吉木萨尔县
51482	4383	9028	1	1	64	木垒哈萨克自治县
51334	4460	8290	1	1	64	精河县
51330	4497	8102	1	1	64	温泉县
51656	4175	8613	1	1	64	库尔勒市
51642	4178	8425	1	1	64	轮台县
51655	4135	8627	1	1	64	尉犁县
51777	3903	8817	1	1	64	若羌县
51855	3815	8555	1	1	64	且末县
51567	4208	8657	1	1	64	焉耆回族自治县
51559	4232	8640	1	1	64	和静县
51568	4225	8680	1	1	64	和硕县
51629	4127	8023	1	1	64	温宿县
51644	4172	8297	1	1	64	库车县
51639	4123	8278	1	1	64	沙雅县
51636	4153	8262	1	1	64	新和县
51633	4178	8190	1	1	64	拜城县
51627	4122	7923	1	1	64	乌什县
51722	4065	8040	1	1	64	阿瓦提县
51720	4050	7905	1	1	64	柯坪县
51708	3915	7595	1	1	64	阿克陶县
51711	4093	7845	1	1	64	阿合奇县
51705	3972	7525	1	1	64	乌恰县
51802	3893	7617	1	1	64	英吉沙县
51815	3820	7727	1	1	64	泽普县
51811	3843	7727	1	1	64	莎车县
51814	3792	7740	1	1	64	叶城县
51810	3892	7763	1	1	64	麦盖提县
51717	3925	7678	1	1	64	岳普湖县
51707	3950	7673	1	1	64	伽师县
51716	3980	7857	1	1	64	巴楚县
51804	3777	7523	1	1	64	塔什库尔干塔吉克自治
51827	3728	7972	1	1	64	墨玉县
51818	3762	7828	1	1	64	皮山县
51829	3708	8017	1	1	64	洛浦县
51826	3702	8080	1	1	64	策勒县
51931	3685	8165	1	1	64	于田县
51839	3707	8272	1	1	64	民丰县
51434	4397	8153	1	1	64	伊宁县
51430	4383	8115	1	1	64	察布查尔锡伯自治县
51329	4405	8085	1	1	64	霍城县
51435	4347	8223	1	1	64	巩留县
51436	4345	8330	1	1	64	新源县
51437	4315	8113	1	1	64	昭苏县
51438	4318	8177	1	1	64	特克斯县
51433	4380	8252	1	1	64	尼勒克县
51346	4443	8467	1	1	64	乌苏市
51145	4655	8365	1	1	64	额敏县
51357	4433	8562	1	1	64	沙湾县
51241	4593	8360	1	1	64	托里县
51137	4620	8293	1	1	64	裕民县
51156	4678	8572	1	1	64	和布克赛尔蒙古自治县
51060	4770	8687	1	1	64	布尔津县
51087	4698	8952	1	1	64	富蕴县
51068	4712	8747	1	1	64	福海县
51053	4805	8640	1	1	64	哈巴河县
51186	4667	9038	1	1	64	青河县
51059	4743	8587	1	1	64	吉木乃县
51356	4432	8605	1	1	64	石河子市
51730	4055	8127	1	1	64	阿拉尔市
